1.000000 1.000000
1.100000 0.654545
1.200000 0.422727
1.300000 0.232284
1.400000 0.077664
1.500000 -0.049848
1.600000 -0.156158
1.700000 -0.245687
1.800000 -0.321768
1.900000 -0.386951
2.000000 -0.443212
2.100000 -0.492100
2.200000 -0.534846
2.300000 -0.572432
2.400000 -0.605654
2.500000 -0.635160
2.600000 -0.661483
2.700000 -0.685064
2.800000 -0.706269
2.900000 -0.725407
3.000000 -0.742738
3.100000 -0.758481
3.200000 -0.772825
3.300000 -0.785930
3.400000 -0.797934
3.500000 -0.808958
3.600000 -0.819105
3.700000 -0.828465
3.800000 -0.837118
3.900000 -0.845134
4.000000 -0.852572
4.100000 -0.859488
4.200000 -0.865929
4.300000 -0.871937
4.400000 -0.877551
4.500000 -0.882803
4.600000 -0.887726
4.700000 -0.892344
4.800000 -0.896684
4.900000 -0.900767
5.000000 -0.904612
5.100000 -0.908238
5.200000 -0.911662
5.300000 -0.914898
5.400000 -0.917959
5.500000 -0.920858
5.600000 -0.923606
5.700000 -0.926213
5.800000 -0.928690
5.900000 -0.931043
6.000000 -0.933283
6.100000 -0.935415
6.200000 -0.937446
6.300000 -0.939383
6.400000 -0.941231
6.500000 -0.942997
6.600000 -0.944684
6.700000 -0.946297
6.800000 -0.947840
6.900000 -0.949319
7.000000 -0.950735
7.100000 -0.952092
7.200000 -0.953395
7.300000 -0.954644
7.400000 -0.955845
7.500000 -0.956998
7.600000 -0.958107
7.700000 -0.959173
7.800000 -0.960199
7.900000 -0.961187
8.000000 -0.962139
8.100000 -0.963056
8.200000 -0.963940
8.300000 -0.964793
8.400000 -0.965616
8.500000 -0.966410
8.600000 -0.967178
8.700000 -0.967919
8.800000 -0.968635
8.900000 -0.969328
9.000000 -0.969998
9.100000 -0.970646
9.200000 -0.971274
9.300000 -0.971881
9.400000 -0.972470
9.500000 -0.973040
9.600000 -0.973593
9.700000 -0.974129
9.800000 -0.974648
9.900000 -0.975153
10.000000 -0.975642