1.000000 1.000000
3.000000 1.000000
5.000000 -0.066667
7.000000 -0.066667
9.000000 -0.422222
11.000000 -0.529966
13.000000 -0.641854
15.000000 -0.712800
17.000000 -0.766412
19.000000 -0.806388
21.000000 -0.837118
23.000000 -0.861169
25.000000 -0.880325
27.000000 -0.895813
29.000000 -0.908504
31.000000 -0.919028
33.000000 -0.927847
35.000000 -0.935309
37.000000 -0.941676
39.000000 -0.947152
41.000000 -0.951895
43.000000 -0.956029
45.000000 -0.959655
47.000000 -0.962851
49.000000 -0.965683
51.000000 -0.968204
53.000000 -0.970458
55.000000 -0.972481
57.000000 -0.974303
59.000000 -0.975951
61.000000 -0.977445
63.000000 -0.978805
65.000000 -0.980045
67.000000 -0.981180
69.000000 -0.982221
71.000000 -0.983178
73.000000 -0.984060
75.000000 -0.984874
77.000000 -0.985628
79.000000 -0.986326
81.000000 -0.986975
83.000000 -0.987579
85.000000 -0.988142
87.000000 -0.988668
89.000000 -0.989159
91.000000 -0.989619
93.000000 -0.990051
95.000000 -0.990456
97.000000 -0.990837
99.000000 -0.991195