1.000000 1.000000
1.100000 0.600000
1.200000 -0.100000
1.300000 4.300000
1.400000 4.193023
1.500000 4.078547
1.600000 3.955955
1.700000 3.824507
1.800000 3.683313
1.900000 3.531276
2.000000 3.367029
2.100000 3.188830
2.200000 2.994402
2.300000 2.780670
2.400000 2.543317
2.500000 2.275949
2.600000 1.968385
2.700000 1.602603
2.800000 1.140854
2.900000 0.474687
3.000000 -1.168501
3.100000 -0.483863
3.200000 1.210831
3.300000 0.517092
3.400000 -1.146056
3.500000 -0.378205
3.600000 2.001459
3.700000 1.541795
3.800000 0.932116
3.900000 -0.097799
4.000000 9.922750
4.100000 9.821972
4.200000 9.718123
4.300000 9.611106
4.400000 9.500817
4.500000 9.387143
4.600000 9.269961
4.700000 9.149141
4.800000 9.024539
4.900000 8.896001
5.000000 8.763357
5.100000 8.626423
5.200000 8.484997
5.300000 8.338857
5.400000 8.187757
5.500000 8.031426
5.600000 7.869562
5.700000 7.701827
5.800000 7.527842
5.900000 7.347179
6.000000 7.159352
6.100000 6.963804
6.200000 6.759892
6.300000 6.546871
6.400000 6.323864
6.500000 6.089830
6.600000 5.843517
6.700000 5.583400
6.800000 5.307583
6.900000 5.013663
7.000000 4.698525
7.100000 4.357992
7.200000 3.986261
7.300000 3.574848
7.400000 3.110493
7.500000 2.570386
7.600000 1.909006
7.700000 1.008014
7.800000 -0.718153
7.900000 1.732577
8.000000 0.705206
8.100000 -1.847241
8.200000 -0.861987
8.300000 1.272614
8.400000 -0.188944
8.500000 9.761116
8.600000 9.566466
8.700000 9.365765
8.800000 9.158628
8.900000 8.944622
9.000000 8.723260
9.100000 8.493988
9.200000 8.256172
9.300000 8.009084
9.400000 7.751876
9.500000 7.483554
9.600000 7.202939
9.700000 6.908615
9.800000 6.598857
9.900000 6.271527
10.000000 5.923924
