1.000000 1.000000
3.000000 -7.000000
5.000000 -4.714286
7.000000 0.376623
9.000000 -84.588894
11.000000 -84.116019
13.000000 -83.545378
15.000000 -82.875084
17.000000 -82.102837
19.000000 -81.225888
21.000000 -80.240980
23.000000 -79.144284
25.000000 -77.931309
27.000000 -76.596801
29.000000 -75.134599
31.000000 -73.537465
33.000000 -71.796856
35.000000 -69.902622
37.000000 -67.842614
39.000000 -65.602134
41.000000 -63.163189
43.000000 -60.503412
45.000000 -57.594485
47.000000 -54.399735
49.000000 -50.870306
51.000000 -46.938739
53.000000 -42.507432
55.000000 -37.425967
57.000000 -31.440818
59.000000 -24.061875
61.000000 -14.087590
63.000000 3.516557
65.000000 -69.281923
67.000000 -65.471405
69.000000 -61.316920
71.000000 -56.750480
73.000000 -51.675633
75.000000 -45.947595
77.000000 -39.331362
79.000000 -31.398761
81.000000 -21.207276
83.000000 -5.740886
85.000000 52.786662
87.000000 46.269865
89.000000 38.662321
91.000000 29.350930
93.000000 16.812997
95.000000 -5.550654
97.000000 63.630382
99.000000 57.469803