1.000000 1.000000
1.100000 0.652893
1.200000 0.388889
1.300000 0.183432
1.400000 0.020408
1.500000 -0.111111
1.600000 -0.218750
1.700000 -0.307958
1.800000 -0.382716
1.900000 -0.445983
2.000000 -0.500000
2.100000 -0.546485
2.200000 -0.586777
2.300000 -0.621928
2.400000 -0.652778
2.500000 -0.680000
2.600000 -0.704142
2.700000 -0.725652
2.800000 -0.744898
2.900000 -0.762188
3.000000 -0.777778
3.100000 -0.791883
3.200000 -0.804688
3.300000 -0.816345
3.400000 -0.826990
3.500000 -0.836735
3.600000 -0.845679
3.700000 -0.853908
3.800000 -0.861496
3.900000 -0.868508
4.000000 -0.875000
4.100000 -0.881023
4.200000 -0.886621
4.300000 -0.891833
4.400000 -0.896694
4.500000 -0.901235
4.600000 -0.905482
4.700000 -0.909461
4.800000 -0.913194
4.900000 -0.916701
5.000000 -0.920000
5.100000 -0.923106
5.200000 -0.926036
5.300000 -0.928800
5.400000 -0.931413
5.500000 -0.933884
5.600000 -0.936224
5.700000 -0.938443
5.800000 -0.940547
5.900000 -0.942545
6.000000 -0.944444
6.100000 -0.946251
6.200000 -0.947971
6.300000 -0.949609
6.400000 -0.951172
6.500000 -0.952663
6.600000 -0.954086
6.700000 -0.955447
6.800000 -0.956747
6.900000 -0.957992
7.000000 -0.959184
7.100000 -0.960325
7.200000 -0.961420
7.300000 -0.962470
7.400000 -0.963477
7.500000 -0.964444
7.600000 -0.965374
7.700000 -0.966267
7.800000 -0.967127
7.900000 -0.967954
8.000000 -0.968750
8.100000 -0.969517
8.200000 -0.970256
8.300000 -0.970968
8.400000 -0.971655
8.500000 -0.972318
8.600000 -0.972958
8.700000 -0.973576
8.800000 -0.974174
8.900000 -0.974751
9.000000 -0.975309
9.100000 -0.975848
9.200000 -0.976371
9.300000 -0.976876
9.400000 -0.977365
9.500000 -0.977839
9.600000 -0.978299
9.700000 -0.978744
9.800000 -0.979175
9.900000 -0.979594
10.000000 -0.980000