1.000000 1.000000
3.000000 -0.777778
5.000000 -0.920000
7.000000 -0.959184
9.000000 -0.975309
11.000000 -0.983471
13.000000 -0.988166
15.000000 -0.991111
17.000000 -0.993080
19.000000 -0.994460
21.000000 -0.995465
23.000000 -0.996219
25.000000 -0.996800
27.000000 -0.997257
29.000000 -0.997622
31.000000 -0.997919
33.000000 -0.998163
35.000000 -0.998367
37.000000 -0.998539
39.000000 -0.998685
41.000000 -0.998810
43.000000 -0.998918
45.000000 -0.999012
47.000000 -0.999095
49.000000 -0.999167
51.000000 -0.999231
53.000000 -0.999288
55.000000 -0.999339
57.000000 -0.999384
59.000000 -0.999425
61.000000 -0.999463
63.000000 -0.999496
65.000000 -0.999527
67.000000 -0.999554
69.000000 -0.999580
71.000000 -0.999603
73.000000 -0.999625
75.000000 -0.999644
77.000000 -0.999663
79.000000 -0.999680
81.000000 -0.999695
83.000000 -0.999710
85.000000 -0.999723
87.000000 -0.999736
89.000000 -0.999748
91.000000 -0.999758
93.000000 -0.999769
95.000000 -0.999778
97.000000 -0.999787
99.000000 -0.999796