1.000000 1.000000
3.000000 -0.142857
5.000000 -0.523810
7.000000 -0.696970
9.000000 -0.790210
11.000000 -0.846154
13.000000 -0.882353
15.000000 -0.907121
17.000000 -0.924812
19.000000 -0.937888
21.000000 -0.947826
23.000000 -0.955556
25.000000 -0.961686
27.000000 -0.966630
29.000000 -0.970674
31.000000 -0.974026
33.000000 -0.976834
35.000000 -0.979210
37.000000 -0.981238
39.000000 -0.982984
41.000000 -0.984496
43.000000 -0.985816
45.000000 -0.986974
47.000000 -0.987995
49.000000 -0.988901
51.000000 -0.989708
53.000000 -0.990431
55.000000 -0.991079
57.000000 -0.991664
59.000000 -0.992194
61.000000 -0.992674
63.000000 -0.993111
65.000000 -0.993511
67.000000 -0.993876
69.000000 -0.994212
71.000000 -0.994521
73.000000 -0.994805
75.000000 -0.995068
77.000000 -0.995312
79.000000 -0.995538
81.000000 -0.995748
83.000000 -0.995943
85.000000 -0.996126
87.000000 -0.996296
89.000000 -0.996455
91.000000 -0.996604
93.000000 -0.996744
95.000000 -0.996876
97.000000 -0.997000
99.000000 -0.997116