1.000000 1.000000
1.100000 0.692308
1.200000 0.450549
1.300000 0.257143
1.400000 0.100000
1.500000 -0.029412
1.600000 -0.137255
1.700000 -0.228070
1.800000 -0.305263
1.900000 -0.371429
2.000000 -0.428571
2.100000 -0.478261
2.200000 -0.521739
2.300000 -0.560000
2.400000 -0.593846
2.500000 -0.623932
2.600000 -0.650794
2.700000 -0.674877
2.800000 -0.696552
2.900000 -0.716129
3.000000 -0.733871
3.100000 -0.750000
3.200000 -0.764706
3.300000 -0.778151
3.400000 -0.790476
3.500000 -0.801802
3.600000 -0.812233
3.700000 -0.821862
3.800000 -0.830769
3.900000 -0.839024
4.000000 -0.846690
4.100000 -0.853821
4.200000 -0.860465
4.300000 -0.866667
4.400000 -0.872464
4.500000 -0.877891
4.600000 -0.882979
4.700000 -0.887755
4.800000 -0.892245
4.900000 -0.896471
5.000000 -0.900452
5.100000 -0.904209
5.200000 -0.907757
5.300000 -0.911111
5.400000 -0.914286
5.500000 -0.917293
5.600000 -0.920145
5.700000 -0.922852
5.800000 -0.925424
5.900000 -0.927869
6.000000 -0.930196
6.100000 -0.932412
6.200000 -0.934524
6.300000 -0.936538
6.400000 -0.938462
6.500000 -0.940299
6.600000 -0.942054
6.700000 -0.943734
6.800000 -0.945342
6.900000 -0.946881
7.000000 -0.948357
7.100000 -0.949772
7.200000 -0.951129
7.300000 -0.952432
7.400000 -0.953684
7.500000 -0.954887
7.600000 -0.956044
7.700000 -0.957157
7.800000 -0.958228
7.900000 -0.959259
8.000000 -0.960253
8.100000 -0.961211
8.200000 -0.962134
8.300000 -0.963025
8.400000 -0.963885
8.500000 -0.964715
8.600000 -0.965517
8.700000 -0.966292
8.800000 -0.967041
8.900000 -0.967766
9.000000 -0.968466
9.100000 -0.969144
9.200000 -0.969801
9.300000 -0.970437
9.400000 -0.971053
9.500000 -0.971649
9.600000 -0.972228
9.700000 -0.972789
9.800000 -0.973333
9.900000 -0.973861
10.000000 -0.974374